box
0 287 5 32 10 10
box
467 287 5 32 10 10
box
89 195 5 62 10 10
box
349 195 5 62 10 10
box
41 305 5 8 3 10
box
43 300 5 8 3 10
box
45 294 5 8 3 10
box
47 289 5 8 3 10
box
49 283 5 8 3 10
box
51 278 5 8 3 10
box
53 272 5 8 3 10
box
55 267 5 8 3 10
box
57 261 5 8 3 10
box
59 256 5 8 3 10
box
61 250 5 8 3 10
box
63 245 5 8 3 10
box
65 239 5 8 3 10
box
67 234 5 8 3 10
box
69 228 5 8 3 10
box
71 223 5 8 3 10
box
73 217 5 8 3 10
box
75 212 5 8 3 10
box
77 206 5 8 3 10
box
79 201 5 8 3 10
box
450 305 5 8 3 10
box
448 300 5 8 3 10
box
446 294 5 8 3 10
box
444 289 5 8 3 10
box
442 283 5 8 3 10
box
440 278 5 8 3 10
box
438 272 5 8 3 10
box
436 267 5 8 3 10
box
434 261 5 8 3 10
box
432 256 5 8 3 10
box
430 250 5 8 3 10
box
428 245 5 8 3 10
box
426 239 5 8 3 10
box
424 234 5 8 3 10
box
422 228 5 8 3 10
box
420 223 5 8 3 10
box
418 217 5 8 3 10
box
416 212 5 8 3 10
box
414 206 5 8 3 10
box
412 201 5 8 3 10
sphere
250 250 0 94
display
ident
move
-250 -250 0
rotate
x 25
rotate
y -25
move
250 250 0
apply
display